 10.000000  0.761726 
 20.000000  0.827768 
 30.000000  0.855807 
 40.000000  0.886817 
 50.000000  0.915385 
 60.000000  0.937868 
 70.000000  0.951650 
 80.000000  0.930590 
 90.000000  0.929845 
 100.000000  0.932124 
 110.000000  0.934556 
 120.000000  0.936266 
 130.000000  0.939866 
 140.000000  0.944769 
 150.000000  0.948898 
 160.000000  0.953028 
 170.000000  0.956622 
 180.000000  0.960000 
 190.000000  0.964635 
 200.000000  0.968578 
 210.000000  0.971953 
 220.000000  0.974838 
 230.000000  0.977147 
 240.000000  0.979058 
 250.000000  0.980696 
 260.000000  0.982151 
 270.000000  0.983524 
 280.000000  0.984953 
 290.000000  0.986217 
 300.000000  0.987338 
 310.000000  0.988335 
 320.000000  0.989227 
 330.000000  0.990025 
 340.000000  0.990744 
 350.000000  0.991392 
 360.000000  0.991972 
 370.000000  0.992466 
 380.000000  0.992913 
 390.000000  0.993324 
 400.000000  0.993702 
 410.000000  0.994050 
 420.000000  0.994372 
 430.000000  0.994668 
 440.000000  0.994952 
 450.000000  0.995225 
 460.000000  0.995478 
 470.000000  0.995714 
 480.000000  0.995931 
 490.000000  0.996134 
 500.000000  0.996325 
 510.000000  0.996505 
 520.000000  0.996674 
 530.000000  0.996831 
 540.000000  0.996977 
 550.000000  0.989856 
 560.000000  0.990299 
 570.000000  0.990715 
 580.000000  0.991100 
 590.000000  0.991459 
 600.000000  0.991795 
 610.000000  0.992107 
 620.000000  0.992397 
 630.000000  0.992664 
 640.000000  0.992912 
 650.000000  0.993141 
 660.000000  0.993344 
 670.000000  0.993512 
 680.000000  0.993623 
 690.000000  0.993678 
 700.000000  0.993684 
 710.000000  0.993642 
 720.000000  0.993544 
 730.000000  0.993380 
 740.000000  0.993137 
 750.000000  0.992808 
 760.000000  0.992385 
 770.000000  0.991860 
 780.000000  0.991225 
 790.000000  0.990470 
 800.000000  0.989588 
 810.000000  0.988594 
 820.000000  0.987465 
 830.000000  0.986191 
 840.000000  0.984762 
 850.000000  0.983178 
 860.000000  0.981434 
 870.000000  0.979519 
 880.000000  0.977427 
 890.000000  0.975173 
 900.000000  0.972741 
 910.000000  0.970120 
 920.000000  0.967330 
 930.000000  0.964244 
 940.000000  0.960896 
 950.000000  0.957343 
 960.000000  0.953594 
 970.000000  0.949624 
 980.000000  0.945477 
 990.000000  0.941669 
 1000.000000  0.938095 
 1010.000000  0.935839 
 1020.000000  0.932653 
 1030.000000  0.928039 
 1040.000000  0.923274 
 1050.000000  0.918318 
 1060.000000  0.913254 
 1070.000000  0.908023 
 1080.000000  0.902657 
 1090.000000  0.897168 
 1100.000000  0.891513 
 1110.000000  0.885779 
 1120.000000  0.879877 
 1130.000000  0.873905 
 1140.000000  0.867797 
 1150.000000  0.861615 
 1160.000000  0.855336 
 1170.000000  0.848967 
 1180.000000  0.842533 
 1190.000000  0.836000 
 1200.000000  0.829431 
 1210.000000  0.822756 
 1220.000000  0.816066 
 1230.000000  0.809269 
 1240.000000  0.802490 
 1250.000000  0.795610 
 1260.000000  0.788765 
 1270.000000  0.781829 
 1280.000000  0.774930 
 1290.000000  0.767956 
 1300.000000  0.760991 
 1310.000000  0.753960 
 1320.000000  0.746958 
 1330.000000  0.739925 
 1340.000000  0.732906 
 1350.000000  0.725886 
 1360.000000  0.718865 
 1370.000000  0.711885 
 1380.000000  0.704873 
 1390.000000  0.697937 
 1400.000000  0.690938 
 1410.000000  0.684047 
 1420.000000  0.677105 
 1430.000000  0.670237 
 1440.000000  0.663372 
 1450.000000  0.656538 
 1460.000000  0.649773 
 1470.000000  0.642980 
 1480.000000  0.636321 
 1490.000000  0.629628 
 1500.000000  0.622909 
 1510.000000  0.616161 
 1520.000000  0.609427 
 1530.000000  0.602780 
 1540.000000  0.596106 
 1550.000000  0.589554 
 1560.000000  0.582082 
 1570.000000  0.575606 
 1580.000000  0.569236 
 1590.000000  0.562853 
 1600.000000  0.556599 
 1610.000000  0.550372 
 1620.000000  0.544173 
 1630.000000  0.538101 
 1640.000000  0.532022 
 1650.000000  0.526044 
 1660.000000  0.520130 
 1670.000000  0.514214 
 1680.000000  0.508456 
 1690.000000  0.502706 
 1700.000000  0.496998 
 1710.000000  0.491416 
 1720.000000  0.485837 
 1730.000000  0.480273 
 1740.000000  0.474726 
 1750.000000  0.469183 
 1760.000000  0.463729 
 1770.000000  0.458314 
 1780.000000  0.452906 
 1790.000000  0.447616 
 1800.000000  0.442351 
 1810.000000  0.437093 
 1820.000000  0.431999 
 1830.000000  0.426917 
 1840.000000  0.996526 
 1850.000000  0.996382 
 1860.000000  0.996227 
 1870.000000  0.996060 
 1880.000000  0.995882 
 1890.000000  0.995693 
 1900.000000  0.995489 
 1910.000000  0.995275 
 1920.000000  0.995047 
 1930.000000  0.994803 
 1940.000000  0.994548 
 1950.000000  0.994279 
 1960.000000  0.993991 
 1970.000000  0.993693 
 1980.000000  0.993377 
 1990.000000  0.993043 
 2000.000000  0.992700 
 2010.000000  0.992342 
 2020.000000  0.991966 
 2030.000000  0.991567 
 2040.000000  0.991145 
 2050.000000  0.990700 
 2060.000000  0.990235 
 2070.000000  0.989753 
 2080.000000  0.989247 
 2090.000000  0.988718 
 2100.000000  0.988172 
 2110.000000  0.987603 
 2120.000000  0.987008 
 2130.000000  0.986392 
 2140.000000  0.985755 
 2150.000000  0.985091 
 2160.000000  0.984400 
 2170.000000  0.983693 
 2180.000000  0.982957 
 2190.000000  0.982193 
 2200.000000  0.981407 
 2210.000000  0.980598 
 2220.000000  0.979759 
 2230.000000  0.978889 
 2240.000000  0.978005 
 2250.000000  0.977089 
 2260.000000  0.976142 
 2270.000000  0.975170 
 2280.000000  0.974178 
 2290.000000  0.973152 
 2300.000000  0.972094 
 2310.000000  0.971017 
 2320.000000  0.969912 
 2330.000000  0.968773 
 2340.000000  0.967600 
 2350.000000  0.966415 
 2360.000000  0.965196 
 2370.000000  0.963942 
 2380.000000  0.962658 
 2390.000000  0.961361 
 2400.000000  0.960029 
 2410.000000  0.958661 
 2420.000000  0.957268 
 2430.000000  0.955856 
 2440.000000  0.954409 
 2450.000000  0.952927 
 2460.000000  0.951422 
 2470.000000  0.949899 
 2480.000000  0.948340 
 2490.000000  0.946746 
 2500.000000  0.945131 
 2510.000000  0.943498 
 2520.000000  0.941830 
 2530.000000  0.940125 
 2540.000000  0.938402 
 2550.000000  0.936662 
 2560.000000  0.934886 
 2570.000000  0.933075 
 2580.000000  0.931242 
 2590.000000  0.929398 
 2600.000000  0.927519 
 2610.000000  0.925604 
 2620.000000  0.923662 
 2630.000000  0.921720 
 2640.000000  0.919741 
 2650.000000  0.917728 
 2660.000000  0.915680 
 2670.000000  0.913644 
 2680.000000  0.911576 
 2690.000000  0.909475 
 2700.000000  0.907338 
 2710.000000  0.905199 
 2720.000000  0.903041 
 2730.000000  0.900851 
 2740.000000  0.898627 
 2750.000000  0.896384 
 2760.000000  0.894146 
 2770.000000  0.891875 
 2780.000000  0.889573 
 2790.000000  0.887237 
 2800.000000  0.884921 
 2810.000000  0.882582 
 2820.000000  0.880213 
 2830.000000  0.877812 
 2840.000000  0.875399 
 2850.000000  0.872990 
 2860.000000  0.870552 
 2870.000000  0.868085 
 2880.000000  0.865587 
 2890.000000  0.863105 
 2900.000000  0.860609 
 2910.000000  0.858085 
 2920.000000  0.855533 
 2930.000000  0.852957 
 2940.000000  0.850413 
 2950.000000  0.847842 
 2960.000000  0.845245 
 2970.000000  0.842620 
 2980.000000  0.839993 
 2990.000000  0.837381 
 3000.000000  0.834744 
 3010.000000  0.832082 
 3020.000000  0.829395 
 3030.000000  0.826719 
 3040.000000  0.824048 
 3050.000000  0.821353 
 3060.000000  0.818636 
 3070.000000  0.815893 
 3080.000000  0.813172 
 3090.000000  0.810453 
 3100.000000  0.807712 
 3110.000000  0.804950 
 3120.000000  0.802164 
 3130.000000  0.799405 
 3140.000000  0.796647 
 3150.000000  0.793869 
 3160.000000  0.791071 
 3170.000000  0.788253 
 3180.000000  0.785458 
 3190.000000  0.782671 
 3200.000000  0.779867 
 3210.000000  0.777044 
 3220.000000  0.774201 
 3230.000000  0.771376 
 3240.000000  0.768570 
 3250.000000  0.765747 
 3260.000000  0.762906 
 3270.000000  0.760049 
 3280.000000  0.757194 
 3290.000000  0.754376 
 3300.000000  0.751543 
 3310.000000  0.748693 
 3320.000000  0.745828 
 3330.000000  0.742949 
 3340.000000  0.740126 
 3350.000000  0.737289 
 3360.000000  0.734440 
 3370.000000  0.731578 
 3380.000000  0.728701 
 3390.000000  0.725853 
 3400.000000  0.723023 
 3410.000000  0.720180 
 3420.000000  0.717325 
 3430.000000  0.714457 
 3440.000000  0.711586 
 3450.000000  0.708769 
 3460.000000  0.705941 
 3470.000000  0.703102 
 3480.000000  0.700252 
 3490.000000  0.697391 
 3500.000000  0.694560 
 3510.000000  0.691751 
 3520.000000  0.688932 
 3530.000000  0.686103 
 3540.000000  0.683265 
 3550.000000  0.680417 
 3560.000000  0.677626 
 3570.000000  0.674836 
 3580.000000  0.672037 
 3590.000000  0.669229 
 3600.000000  0.666413 
 3610.000000  0.663599 
 3620.000000  0.660840 
 3630.000000  0.658073 
 3640.000000  0.655300 
 3650.000000  0.652519 
 3660.000000  0.649732 
 3670.000000  0.646960 
 3680.000000  0.644232 
 3690.000000  0.641498 
 3700.000000  0.638758 
 3710.000000  0.636012 
 3720.000000  0.633259 
 3730.000000  0.630529 
 3740.000000  0.627837 
 3750.000000  0.625139 
 3760.000000  0.622437 
 3770.000000  0.619730 
 3780.000000  0.617017 
 3790.000000  0.614325 
 3800.000000  0.611674 
 3810.000000  0.609019 
 3820.000000  0.606359 
 3830.000000  0.603696 
 3840.000000  0.601028 
 3850.000000  0.598374 
 3860.000000  0.595769 
 3870.000000  0.593161 
 3880.000000  0.590551 
 3890.000000  0.587937 
 3900.000000  0.585320 
 3910.000000  0.582700 
 3920.000000  0.580146 
 3930.000000  0.577590 
 3940.000000  0.575032 
 3950.000000  0.572471 
 3960.000000  0.569907 
 3970.000000  0.567342 
 3980.000000  0.564821 
 3990.000000  0.562319 
 4000.000000  0.559816 
 4010.000000  0.557310 
 4020.000000  0.554803 
 4030.000000  0.552296 
 4040.000000  0.549803 
 4050.000000  0.547357 
 4060.000000  0.544910 
 4070.000000  0.542462 
 4080.000000  0.540013 
 4090.000000  0.537564 
 4100.000000  0.535113 
 4110.000000  0.532709 
 4120.000000  0.530323 
 4130.000000  0.527936 
 4140.000000  0.525548 
 4150.000000  0.523160 
 4160.000000  0.520772 
 4170.000000  0.518389 
 4180.000000  0.516065 
 4190.000000  0.513741 
 4200.000000  0.511417 
 4210.000000  0.509093 
 4220.000000  0.506769 
 4230.000000  0.504444 
 4240.000000  0.502142 
 4250.000000  0.499880 
 4260.000000  0.497618 
 4270.000000  0.495357 
 4280.000000  0.493096 
 4290.000000  0.490836 
 4300.000000  0.488576 
 4310.000000  0.486348 
 4320.000000  0.484149 
 4330.000000  0.481953 
 4340.000000  0.479758 
 4350.000000  0.477563 
 4360.000000  0.475368 
 4370.000000  0.473175 
 4380.000000  0.471016 
 4390.000000  0.468885 
 4400.000000  0.466754 
 4410.000000  0.464625 
 4420.000000  0.462497 
 4430.000000  0.460371 
 4440.000000  0.458245 
 4450.000000  0.456148 
 4460.000000  0.454084 
 4470.000000  0.452020 
 4480.000000  0.449959 
 4490.000000  0.447899 
 4500.000000  0.445840 
 4510.000000  0.443783 
 4520.000000  0.441742 
 4530.000000  0.439743 
 4540.000000  0.437746 
 4550.000000  0.435750 
 4560.000000  0.433756 
 4570.000000  0.431764 
 4580.000000  0.429774 
 4590.000000  0.427785 
 4600.000000  0.425851 
 4610.000000  0.423922 
 4620.000000  0.421994 
 4630.000000  0.420069 
 4640.000000  0.418144 
 4650.000000  0.416223 
 4660.000000  0.414302 
 4670.000000  0.412413 
 4680.000000  0.410548 
 4690.000000  0.408687 
 4700.000000  0.406827 
 4710.000000  0.404970 
 4720.000000  0.403114 
 4730.000000  0.401261 
 4740.000000  0.399409 
 4750.000000  0.397612 
 4760.000000  0.395816 
 4770.000000  0.394024 
 4780.000000  0.392232 
 4790.000000  0.390444 
 4800.000000  0.388657 
 4810.000000  0.386874 
 4820.000000  0.385108 
 4830.000000  0.383377 
 4840.000000  0.381650 
 4850.000000  0.379924 
 4860.000000  0.378201 
 4870.000000  0.376479 
 4880.000000  0.374761 
 4890.000000  0.373045 
 4900.000000  0.371355 
 4910.000000  0.369691 
 4920.000000  0.368028 
 4930.000000  0.366368 
 4940.000000  0.364710 
 4950.000000  0.363055 
 4960.000000  0.361402 
 4970.000000  0.359751 
 4980.000000  0.358132 
 4990.000000  0.356533 
 5000.000000  0.354936 
 5010.000000  0.353342 
 5020.000000  0.351751 
 5030.000000  0.350161 
 5040.000000  0.348574 
 5050.000000  0.346990 
 5060.000000  0.345433 
 5070.000000  0.343896 
 5080.000000  0.342362 
 5090.000000  0.340830 
 5100.000000  0.339300 
 5110.000000  0.337774 
 5120.000000  0.336249 
 5130.000000  0.334727 
 5140.000000  0.333225 
 5150.000000  0.331751 
 5160.000000  0.330279 
 5170.000000  0.328809 
 5180.000000  0.327343 
 5190.000000  0.325878 
 5200.000000  0.324416 
 5210.000000  0.322957 
 5220.000000  0.321504 
 5230.000000  0.320091 
 5240.000000  0.318681 
 5250.000000  0.317274 
 5260.000000  0.315868 
 5270.000000  0.314466 
 5280.000000  0.313065 
 5290.000000  0.311668 
 5300.000000  0.310272 
 5310.000000  0.308904 
 5320.000000  0.307552 
 5330.000000  0.306203 
 5340.000000  0.304855 
 5350.000000  0.303510 
 5360.000000  0.302167 
 5370.000000  0.300828 
 5380.000000  0.299490 
 5390.000000  0.298157 
 5400.000000  0.296862 
 5410.000000  0.295570 
 5420.000000  0.294280 
 5430.000000  0.292992 
 5440.000000  0.291706 
 5450.000000  0.290423 
 5460.000000  0.289143 
 5470.000000  0.287864 
 5480.000000  0.286601 
 5490.000000  0.285364 
 5500.000000  0.284129 
 5510.000000  0.282898 
 5520.000000  0.281668 
 5530.000000  0.280440 
 5540.000000  0.279215 
 5550.000000  0.277992 
 5560.000000  0.276772 
 5570.000000  0.275571 
 5580.000000  0.274388 
 5590.000000  0.273208 
 5600.000000  0.272030 
 5610.000000  0.270854 
 5620.000000  0.269682 
 5630.000000  0.268511 
 5640.000000  0.267343 
 5650.000000  0.266176 
 5660.000000  0.265029 
 5670.000000  0.263900 
 5680.000000  0.262775 
 5690.000000  0.261651 
 5700.000000  0.260529 
 5710.000000  0.259410 
 5720.000000  0.258293 
 5730.000000  0.257178 
 5740.000000  0.256066 
 5750.000000  0.254967 
 5760.000000  0.253890 
 5770.000000  0.252816 
 5780.000000  0.251744 
 5790.000000  0.250675 
 5800.000000  0.249607 
 5810.000000  0.248542 
 5820.000000  0.247479 
 5830.000000  0.246418 
 5840.000000  0.245361 
 5850.000000  0.244334 
 5860.000000  0.243310 
 5870.000000  0.242287 
 5880.000000  0.241268 
 5890.000000  0.240250 
 5900.000000  0.239234 
 5910.000000  0.238220 
 5920.000000  0.237208 
 5930.000000  0.236198 
 5940.000000  0.235207 
 5950.000000  0.234230 
 5960.000000  0.233255 
 5970.000000  0.232281 
 5980.000000  0.231309 
 5990.000000  0.230339 
 6000.000000  0.229371 
 6010.000000  0.228406 
 6020.000000  0.227442 
 6030.000000  0.226480 
 6040.000000  0.225550 
 6050.000000  0.224620 
 6060.000000  0.223693 
 6070.000000  0.222767 
 6080.000000  0.221843 
 6090.000000  0.220921 
 6100.000000  0.220001 
 6110.000000  0.219083 
 6120.000000  0.218167 
 6130.000000  0.217261 
 6140.000000  0.216375 
 6150.000000  0.215491 
 6160.000000  0.214608 
 6170.000000  0.213728 
 6180.000000  0.212849 
 6190.000000  0.211972 
 6200.000000  0.211097 
 6210.000000  0.210224 
 6220.000000  0.209353 
 6230.000000  0.208494 
 6240.000000  0.207652 
 6250.000000  0.206811 
 6260.000000  0.205973 
 6270.000000  0.205136 
 6280.000000  0.204301 
 6290.000000  0.203468 
 6300.000000  0.202636 
 6310.000000  0.201806 
 6320.000000  0.200979 
 6330.000000  0.200159 
 6340.000000  0.199356 
 6350.000000  0.198557 
 6360.000000  0.197758 
 6370.000000  0.196961 
 6380.000000  0.196165 
 6390.000000  0.195372 
 6400.000000  0.194580 
 6410.000000  0.193789 
 6420.000000  0.193001 
 6430.000000  0.192215 
 6440.000000  0.191455 
 6450.000000  0.190696 
 6460.000000  0.189939 
 6470.000000  0.189183 
 6480.000000  0.188431 
 6490.000000  0.187678 
 6500.000000  0.186928 
 6510.000000  0.186179 
 6520.000000  0.185431 
 6530.000000  0.184686 
 6540.000000  0.183955 
 6550.000000  0.183232 
 6560.000000  0.182512 
 6570.000000  0.181793 
 6580.000000  0.181075 
 6590.000000  0.180359 
 6600.000000  0.179644 
 6610.000000  0.178931 
 6620.000000  0.178220 
 6630.000000  0.177511 
 6640.000000  0.176804 
 6650.000000  0.176118 
 6660.000000  0.175433 
 6670.000000  0.174750 
 6680.000000  0.174068 
 6690.000000  0.173388 
 6700.000000  0.172709 
 6710.000000  0.172031 
 6720.000000  0.171355 
 6730.000000  0.170681 
 6740.000000  0.170008 
 6750.000000  0.169343 
 6760.000000  0.168693 
 6770.000000  0.168043 
 6780.000000  0.167396 
 6790.000000  0.166749 
 6800.000000  0.166106 
 6810.000000  0.165462 
 6820.000000  0.164820 
 6830.000000  0.164179 
 6840.000000  0.163540 
 6850.000000  0.162902 
 6860.000000  0.162273 
 6870.000000  0.161657 
 6880.000000  0.161042 
 6890.000000  0.160428 
 6900.000000  0.159815 
 6910.000000  0.159204 
 6920.000000  0.158594 
 6930.000000  0.157985 
 6940.000000  0.157378 
 6950.000000  0.156772 
 6960.000000  0.156167 
 6970.000000  0.155570 
 6980.000000  0.154985 
 6990.000000  0.154402 
 7000.000000  0.153820 
 7010.000000  0.153240 
 7020.000000  0.152660 
 7030.000000  0.152082 
 7040.000000  0.151505 
 7050.000000  0.150929 
 7060.000000  0.150355 
 7070.000000  0.149781 
 7080.000000  0.149210 
 7090.000000  0.148656 
 7100.000000  0.148103 
 7110.000000  0.147551 
 7120.000000  0.147000 
 7130.000000  0.146451 
 7140.000000  0.145903 
 7150.000000  0.145355 
 7160.000000  0.144809 
 7170.000000  0.144265 
 7180.000000  0.143721 
 7190.000000  0.143179 
 7200.000000  0.142647 
 7210.000000  0.142123 
 7220.000000  0.141600 
 7230.000000  0.141078 
 7240.000000  0.140557 
 7250.000000  0.140038 
 7260.000000  0.139520 
 7270.000000  0.139003 
 7280.000000  0.138486 
 7290.000000  0.137971 
 7300.000000  0.137457 
 7310.000000  0.136944 
 7320.000000  0.136447 
 7330.000000  0.135951 
 7340.000000  0.135456 
 7350.000000  0.134962 
 7360.000000  0.134469 
 7370.000000  0.133977 
 7380.000000  0.133487 
 7390.000000  0.132997 
 7400.000000  0.132509 
 7410.000000  0.132021 
 7420.000000  0.131534 
 7430.000000  0.131051 
 7440.000000  0.130581 
 7450.000000  0.130112 
 7460.000000  0.129644 
 7470.000000  0.129177 
 7480.000000  0.128711 
 7490.000000  0.128245 
 7500.000000  0.127781 
 7510.000000  0.127318 
 7520.000000  0.126856 
 7530.000000  0.126395 
 7540.000000  0.125935 
 7550.000000  0.125477 
 7560.000000  0.125033 
 7570.000000  0.124589 
 7580.000000  0.124146 
 7590.000000  0.123705 
 7600.000000  0.123264 
 7610.000000  0.122824 
 7620.000000  0.122385 
 7630.000000  0.121947 
 7640.000000  0.121510 
 7650.000000  0.121074 
 7660.000000  0.120638 
 7670.000000  0.120204 
 7680.000000  0.119782 
 7690.000000  0.119362 
 7700.000000  0.118943 
 7710.000000  0.118525 
 7720.000000  0.118108 
 7730.000000  0.117692 
 7740.000000  0.117276 
 7750.000000  0.116862 
 7760.000000  0.116448 
 7770.000000  0.116035 
 7780.000000  0.115623 
 7790.000000  0.115212 
 7800.000000  0.114808 
 7810.000000  0.114411 
 7820.000000  0.114014 
 7830.000000  0.113619 
 7840.000000  0.113224 
 7850.000000  0.112830 
 7860.000000  0.112436 
 7870.000000  0.112044 
 7880.000000  0.111652 
 7890.000000  0.111262 
 7900.000000  0.110872 
 7910.000000  0.110482 
 7920.000000  0.110094 
 7930.000000  0.109717 
 7940.000000  0.109342 
 7950.000000  0.108968 
 7960.000000  0.108594 
 7970.000000  0.108221 
 7980.000000  0.107849 
 7990.000000  0.107478 
 8000.000000  0.107107 
 8010.000000  0.106738 
 8020.000000  0.106369 
 8030.000000  0.106000 
 8040.000000  0.105633 
 8050.000000  0.105268 
 8060.000000  0.104913 
 8070.000000  0.104559 
 8080.000000  0.104205 
 8090.000000  0.103852 
 8100.000000  0.103500 
 8110.000000  0.103148 
 8120.000000  0.102797 
 8130.000000  0.102447 
 8140.000000  0.102098 
 8150.000000  0.101749 
 8160.000000  0.101401 
 8170.000000  0.101054 
 8180.000000  0.100709 
 8190.000000  0.100373 
 8200.000000  0.100038 
 8210.000000  0.099704 
 8220.000000  0.099371 
 8230.000000  0.099038 
 8240.000000  0.098706 
 8250.000000  0.098375 
 8260.000000  0.098044 
 8270.000000  0.097714 
 8280.000000  0.097385 
 8290.000000  0.097056 
 8300.000000  0.096728 
 8310.000000  0.096401 
 8320.000000  0.096083 
 8330.000000  0.095767 
 8340.000000  0.095451 
 8350.000000  0.095136 
 8360.000000  0.094822 
 8370.000000  0.094509 
 8380.000000  0.094196 
 8390.000000  0.093883 
 8400.000000  0.093572 
 8410.000000  0.093260 
 8420.000000  0.092950 
 8430.000000  0.092640 
 8440.000000  0.092331 
 8450.000000  0.092026 
 8460.000000  0.091727 
 8470.000000  0.091429 
 8480.000000  0.091131 
 8490.000000  0.090834 
 8500.000000  0.090538 
 8510.000000  0.090242 
 8520.000000  0.089946 
 8530.000000  0.089652 
 8540.000000  0.089357 
 8550.000000  0.089064 
 8560.000000  0.088771 
 8570.000000  0.088479 
 8580.000000  0.088187 
 8590.000000  0.087902 
 8600.000000  0.087620 
 8610.000000  0.087339 
 8620.000000  0.087058 
 8630.000000  0.086778 
 8640.000000  0.086498 
 8650.000000  0.086219 
 8660.000000  0.085941 
 8670.000000  0.085663 
 8680.000000  0.085385 
 8690.000000  0.085108 
 8700.000000  0.084832 
 8710.000000  0.084556 
 8720.000000  0.084281 
 8730.000000  0.084013 
 8740.000000  0.083748 
 8750.000000  0.083482 
 8760.000000  0.083217 
 8770.000000  0.082953 
 8780.000000  0.082689 
 8790.000000  0.082427 
 8800.000000  0.082164 
 8810.000000  0.081902 
 8820.000000  0.081640 
 8830.000000  0.081379 
 8840.000000  0.081118 
 8850.000000  0.080858 
 8860.000000  0.080598 
 8870.000000  0.080345 
 8880.000000  0.080094 
 8890.000000  0.079844 
 8900.000000  0.079594 
 8910.000000  0.079344 
 8920.000000  0.079095 
 8930.000000  0.078847 
 8940.000000  0.078599 
 8950.000000  0.078352 
 8960.000000  0.078105 
 8970.000000  0.077858 
 8980.000000  0.077612 
 8990.000000  0.077366 
 9000.000000  0.077121 
 9010.000000  0.076880 
 9020.000000  0.076643 
 9030.000000  0.076407 
 9040.000000  0.076171 
 9050.000000  0.075935 
 9060.000000  0.075700 
 9070.000000  0.075466 
 9080.000000  0.075232 
 9090.000000  0.074998 
 9100.000000  0.074765 
 9110.000000  0.074532 
 9120.000000  0.074300 
 9130.000000  0.074068 
 9140.000000  0.073837 
 9150.000000  0.073606 
 9160.000000  0.073381 
 9170.000000  0.073158 
 9180.000000  0.072935 
 9190.000000  0.072713 
 9200.000000  0.072491 
 9210.000000  0.072270 
 9220.000000  0.072049 
 9230.000000  0.071828 
 9240.000000  0.071608 
 9250.000000  0.071388 
 9260.000000  0.071169 
 9270.000000  0.070950 
 9280.000000  0.070731 
 9290.000000  0.070513 
 9300.000000  0.070296 
 9310.000000  0.070085 
 9320.000000  0.069875 
 9330.000000  0.069665 
 9340.000000  0.069456 
 9350.000000  0.069247 
 9360.000000  0.069038 
 9370.000000  0.068830 
 9380.000000  0.068622 
 9390.000000  0.068414 
 9400.000000  0.068207 
 9410.000000  0.068000 
 9420.000000  0.067794 
 9430.000000  0.067588 
 9440.000000  0.067383 
 9450.000000  0.067178 
 9460.000000  0.066979 
 9470.000000  0.066781 
 9480.000000  0.066583 
 9490.000000  0.066385 
 9500.000000  0.066188 
 9510.000000  0.065991 
 9520.000000  0.065795 
 9530.000000  0.065599 
 9540.000000  0.065403 
 9550.000000  0.065208 
 9560.000000  0.065013 
 9570.000000  0.064818 
 9580.000000  0.064624 
 9590.000000  0.064430 
 9600.000000  0.064237 
 9610.000000  0.064048 
 9620.000000  0.063861 
 9630.000000  0.063674 
 9640.000000  0.063488 
 9650.000000  0.063302 
 9660.000000  0.063117 
 9670.000000  0.062931 
 9680.000000  0.062747 
 9690.000000  0.062562 
 9700.000000  0.062378 
 9710.000000  0.062194 
 9720.000000  0.062011 
 9730.000000  0.061828 
 9740.000000  0.061645 
 9750.000000  0.061462 
 9760.000000  0.061281 
 9770.000000  0.061105 
 9780.000000  0.060929 
 9790.000000  0.060753 
 9800.000000  0.060578 
 9810.000000  0.060403 
 9820.000000  0.060228 
 9830.000000  0.060054 
 9840.000000  0.059880 
 9850.000000  0.059706 
 9860.000000  0.059532 
 9870.000000  0.059359 
 9880.000000  0.059186 
 9890.000000  0.059014 
 9900.000000  0.058842 
 9910.000000  0.058670 
 9920.000000  0.058501 
 9930.000000  0.058334 
 9940.000000  0.058169 
 9950.000000  0.058003 
 9960.000000  0.057838 
 9970.000000  0.057673 
 9980.000000  0.057509 
 9990.000000  0.057344 
 10000.000000  0.057180 
